ID	ctl1	ctl2	exp1	exp2
A1BG	4.993423	4.977204	7.43305	6.90336
A1CF	4.788285	4.417162	6.55653	6.20156
A2M	4.522844416	4.679697951	5.84409	5.95826
A2ML1	3.864138123	3.77194795	4.30235	4.48899
A4GALT	6.248286	6.375555	7.62884	7.39543
A4GNT	3.79185	3.644418	5.38021	5.13045
AAAS	7.074773	7.111483	8.76147	8.36427
AACS	7.044249	7.31823	8.9157	8.12846
AADAC	4.919541	4.580609	7.28695	7.27432
AADACL2	2.948224	2.757281	3.94185	3.92589
AADAT	5.272822	5.22031	6.66305	6.82393
AAED1	7.30061	7.295635	8.24701	9.0954
AAGAB	6.706988589	6.336868928	7.1965	7.04505
AAK1	8.660528636	8.755217556	10.1496	10.1612
AAMDC	2.925172	3.012622	4.5415	4.49068
AAMP	7.842152046	7.897233494	10.0266	9.91887
AANAT	3.120114	3.482163	4.30714	4.38585
AAR2	7.459464	7.580118	9.09713	8.90191
AARS	8.610402295	8.593379886	11.1661	9.91246
AARS2	6.124551	6.323191	7.31467	7.30832
AASDH	7.330621	7.393505	7.53834	7.63895
AASDHPPT	8.726604724	8.750237595	9.73354	9.70493
AASS	4.781556	4.857438	8.26742	8.29058
AATF	7.814182	8.015143	9.94419	9.00111
AATK	7.593128	7.685391	8.78986	9.36815
ABAT	5.183009	5.407019	5.60678	5.16569
ABCA1	3.808843019	4.019919385	5.09896	5.56713
ABCA11P	4.997318	5.632669	6.5608	7.23045
ABCA12	2.630186	2.628016	3.98246	3.85404
ABCA13	2.596239353	2.448893801	3.59386	3.58365
ABCA2	4.496889	4.343157	6.05966	6.06929
ABCA3	6.241923065	6.341963835	10.1594	10.5276
ABCA4	3.405984698	3.265763325	4.38845	4.34448
ABCA5	7.446926	7.777899	7.25753	7.61528
ABCA6	4.684934	4.258992	6.21939	6.97498
ABCA7	5.867244	5.911373	7.8579	8.42592
ABCA8	4.459872267	4.051797835	4.61636	4.87695
ABCA9	3.277421	3.297095	3.92926	4.38434
ABCB1	4.984056	5.183808	4.68461	6.24226
ABCB10	7.588554	7.680359	6.94013	7.52274
ABCB11	3.432849	3.10136	3.87928	3.92482
ABCB4	5.87889534	6.038776652	4.47344	5.21559
ABCB5	4.4552316	4.360643974	6.16609	6.25093
ABCB6	4.691660661	5.164432964	6.13868	6.18612
ABCB7	7.611025	7.976269	8.79518	8.46829
ABCB8	5.011769	5.019964	6.7891	6.77556
ABCB9	5.883628565	6.293129451	6.15723	5.9507
ABCC1	8.388071423	8.337727295	10.0066	9.43131
ABCC10	7.366706	7.280667	8.68494	8.33506
ABCC11	4.617003181	4.585062988	5.80557	5.79425
ABCC12	2.777982346	2.973396138	4.18147	3.91142
ABCC13	3.430869793	3.546915777	4.32137	4.13388
ABCC2	4.30287	4.013416	7.06874	4.85253
ABCC3	7.603995	7.709032	10.2954	8.6363
ABCC4	4.637317853	4.780497683	6.98958	6.68058
ABCC5	3.715626938	3.579522477	4.96618	4.76159
ABCC6	4.596125	4.383491	5.76459	6.05989
ABCC8	4.885815	4.800789	6.40273	6.52107
ABCC9	5.279801995	5.17134836	5.72069	6.5394
ABCD1	5.795928412	5.829672131	7.86229	7.51631
ABCD2	2.948491	2.846698	3.67292	3.75248
ABCD3	6.30029885	6.305415021	5.04146	6.47202
ABCD4	7.290589257	7.313725538	7.92477	8.32413
ABCE1	8.607861993	8.554879686	8.85615	8.83205
ABCF1	8.275936058	8.303493174	10.3295	9.88757
ABCF2	7.384577	7.378298	8.96067	8.57719
ABCF3	7.024517426	6.931625538	8.87125	8.6185
ABCG1	8.381367874	8.047210739	8.98222	8.99637
ABCG2	4.882868	4.937868	6.84763	7.92446
ABCG4	4.793657	4.943233	7.17089	7.1288
ABCG5	3.512337	3.450371	4.88726	4.71488
ABCG8	4.251321	4.22923	6.28069	6.38505
ABHD1	4.468462056	4.064028114	6.23663	6.00496
ABHD10	8.073695	8.044673	8.76491	8.54393
ABHD11	3.82826856	3.64982473	5.06008	4.51834
ABHD12	7.622479	7.518653	9.96235	9.24325
ABHD12B	3.177870344	2.872907255	4.15788	4.05612
ABHD13	5.163288	5.221586	5.13498	5.56708
ABHD14A	6.500843	6.692636	8.76044	8.79145
ABHD14B	8.33489	8.393073	9.13024	8.96101
ABHD15	5.99176	6.227177	7.03042	7.41248
ABHD16A	7.734656	7.66874	8.94143	8.62706
ABHD16B	4.370828	4.022612	5.6104	5.63975
ABHD17A	9.691136	9.558225	10.3398	10.4427
ABHD17B	6.422476	6.37242	6.30149	7.48953
ABHD17C	6.730922	7.033036	9.2101	9.1598
ABHD2	6.714209	6.408867	8.81694	8.19437
ABHD3	8.57299	8.526163	8.56053	8.35118
ABHD4	7.782676	7.767684	11.144	9.84148
ABHD5	4.679	4.769034	5.96055	7.02093
ABHD6	9.105444	9.079772	7.32819	7.86719
ABHD8	5.099006	5.456163	7.41076	7.28059
ABI1	2.682054972	2.702781794	3.78468	3.78901
ABI2	7.315183	7.285949	8.6648	8.30496
ABI3	8.120619	7.83512	8.35529	8.62393
ABI3BP	2.67799429	2.720749042	3.9871	4.19974
ABL1	8.407123417	8.224707743	9.83389	10.5269
ABL2	4.355971	3.707941	6.30655	6.94383
ABLIM1	8.187012842	8.282822877	9.72652	10.0047
ABLIM2	5.014763049	4.835953938	5.87302	5.90677
ABLIM3	6.73618	6.685606	7.50857	8.55047
ABO	5.126265	4.897816	6.93965	6.94573
ABR	8.152166	8.165477	9.65956	9.93697
ABRA	3.429325418	2.947933006	3.71779	3.92784
ABRACL	9.403811	9.151954	9.20933	8.31987
ABT1	7.708863	8.131965	8.52114	8.39778
ABTB1	6.377334	6.03955	7.5245	8.01461
ABTB2	5.779353	5.330019	6.68154	6.91772
ACAA1	7.99716844	7.961054957	9.11782	9.08312
ACAA2	5.909680579	5.951031372	6.95727	6.83793
ACACA	6.973151	7.050947	9.84336	8.64025
ACACB	6.845526316	6.968569771	8.79972	8.60341
ACAD10	5.950001	5.98469	7.32478	7.21254
ACAD8	6.725354	6.702178	9.18405	8.06398
ACAD9	7.160728	7.2267	9.27907	9.0627
ACADL	3.458364	3.539333	6.30032	6.65821
ACADM	9.101289958	9.173351295	8.9386	8.67769
ACADS	6.946534753	7.176218468	7.67425	7.95984
ACADSB	4.507826135	4.689325441	5.68558	5.57548
ACADVL	9.657143958	9.711571246	11.301	11.4272
ACAN	4.748525524	4.599904951	5.71379	5.53767
ACAP2	6.620054868	6.874488397	7.118	6.66216
ACAP3	6.752396	6.427533	8.92601	8.95414
ACAT1	2.809354185	2.962609184	3.96337	3.78901
ACAT2	7.160109	7.306521	8.59369	8.3525
ACBD3	6.875991301	7.088772521	8.71795	8.86333
ACBD4	7.231692	7.29996	7.62937	7.37154
ACBD5	4.810956911	4.648097841	5.33518	5.37829
ACBD6	7.434922	7.485609	8.50455	8.43229
ACCS	7.300835	7.304006	8.69536	8.94779
ACD	7.709487628	7.645557991	8.79419	8.679
ACE	4.2213	4.184619	4.99878	5.13237
ACE2	2.654273	3.094895	4.51372	4.47567
ACER1	4.673812874	4.431667993	4.86496	4.97896
ACER3	6.731149	6.786169	7.79225	7.72922
ACHE	4.72006964	4.372225302	6.43633	6.90344
ACIN1	7.316302091	7.252772219	8.83541	8.52768
ACKR1	8.627901	8.660209	9.93545	11.1264
ACKR2	4.177136009	3.858647457	5.99022	5.48019
ACKR3	4.013944944	4.230307999	5.86349	5.78113
ACKR4	4.278375	4.331272	5.11803	5.50705
ACLY	7.540114424	7.659144337	8.40099	8.61915
ACMSD	3.232798	3.134762	4.2117	4.35129
ACN9	5.869255	5.855269	6.21522	6.00581
ACO1	8.166922	7.899208	9.41968	9.54735
ACO2	8.446062234	8.470845748	9.70639	9.54718
ACOT1	6.784345351	6.772193611	8.98671	8.7757
ACOT11	4.901158741	4.675680694	6.29228	6.15854
ACOT12	2.726846	2.578525	3.69372	3.67795
ACOT13	7.412310163	7.276509814	10.0768	8.82512
ACOT4	4.614928	4.783832	7.19177	6.51908
ACOT6	3.238819	3.308069	4.2868	4.31304
ACOT7	7.530398	7.865081	8.5281	8.46448
ACOT8	6.827622037	6.844834907	8.70268	8.1754
ACOT9	8.857337	8.678097	9.2215	9.7528
ACOX1	4.024536	3.851249	5.09934	5.30721
ACOX2	6.110073377	6.094518971	7.09624	7.74657
ACOX3	5.961177399	6.051178519	7.601	7.39315
ACOXL	2.896571	2.739132	3.91523	4.07366
ACP1	3.552441323	3.303527543	4.38438	4.33241
ACP2	8.302439245	8.454844629	9.74245	9.43677
ACP5	7.898059145	7.970765077	11.4022	11.0782
ACP6	6.875917	6.817139	8.38757	7.89391
ACPP	3.330581897	3.252690952	5.48325	5.32859
ACPT	5.875918	5.452307	6.76053	7.01327
ACR	4.597099	4.243232	5.9421	6.00581
ACRBP	7.315173	7.3365	7.52914	7.00973
ACRC	5.856492	6.049997	5.82412	6.19691
ACRV1	3.907189	3.856687	4.93357	4.91671
ACSBG1	3.500039	3.774768	4.56728	4.59266
ACSBG2	4.246252	3.860984	5.62319	5.69061
ACSF2	6.895468	6.707178	8.04999	7.94552
ACSF3	4.959912295	4.744169378	6.04977	6.28326
ACSL1	8.629133375	8.456472595	10.2662	10.1963
ACSL3	8.225268961	8.495186897	8.94223	8.68271
ACSL4	5.782795041	6.171745318	8.04298	8.91288
ACSL5	8.222696	7.932658	9.60622	8.75755
ACSL6	3.108322	3.333918	3.92199	3.85333
ACSM1	3.980895	3.687552	4.56969	4.29076
ACSM2A	4.282019	3.993983	5.74645	5.62051
ACSM2B	3.222116	2.906419	3.97997	4.02874
ACSM3	5.083566	5.247805	6.6846	7.05303
ACSM5	3.256911323	3.520019185	5.03298	5.17446
ACSS1	7.698894	7.972513	9.06382	8.79688
ACSS2	7.14712	7.046932	10.1988	9.27298
ACSS3	5.903505	5.574027	7.95815	8.03613
ACTA1	3.78717141	3.468740242	4.54788	4.62326
ACTA2	12.80339608	12.70763775	12.7785	13.4261
ACTA2-AS1	5.229839052	4.919987301	5.5572	5.48993
ACTB	13.591565	13.66133472	14.8266	14.8549
ACTC1	6.700542956	6.255317612	7.6219	7.69442
ACTG2	6.422388863	6.232745634	8.6964	8.86316
ACTL10	5.378278	5.663781	5.57465	6.22793
ACTL6A	8.239471571	8.287706487	8.47245	7.89139
ACTL6B	3.539274	3.963569	4.86347	4.77725
ACTL7A	4.550809	4.140121	6.23448	6.24645
ACTL7B	4.535382	4.79934	5.1294	5.28948
ACTL8	5.534807	5.332238	6.84403	6.66342
ACTL9	3.170945	3.397011	4.73279	4.56206
ACTN1	9.760104	9.883639	11.5881	11.5673
ACTN2	4.931855172	5.247812326	6.7869	7.59342
ACTN3	4.661773	4.203956	5.76182	6.08751
ACTN4	9.631123743	9.743566981	10.9797	11.2303
ACTR10	9.925934	9.899958	10.3892	10.4332
ACTR1A	8.156948049	8.222986115	9.35029	9.32379
ACTR1B	8.184438885	8.044677987	9.43867	9.46214
ACTR2	8.819100161	9.301814817	8.46547	9.02241
ACTR3	10.99025284	10.9732549	11.404	11.1686
ACTR3B	5.594049495	5.350999487	7.68958	7.52712
ACTR3BP2	4.767094	4.585063	5.90189	5.48806
ACTR3C	4.522017	4.469474	8.44947	6.65709
ACTR5	6.586682	6.565447	8.13115	7.99085
ACTR6	7.742289	7.834266	8.76672	7.55793
ACTR8	5.740384	5.985222	6.24342	6.39841
ACTRT2	4.409643	4.347359	5.29007	5.27683
ACTRT3	3.565264	3.675305	5.30364	5.30727
ACVR1	7.840565123	7.87351433	9.37855	9.17768
ACVR1B	6.018542399	6.328785835	7.10394	7.39201
ACVR1C	3.830872486	3.645053271	6.04848	5.64375
ACVR2A	6.798755434	7.039913947	8.3976	8.44657
ACVR2B	3.695531192	3.579954085	4.55556	4.46818
ACVRL1	6.458174	6.103323	7.23393	7.82415
ACY1	4.716545	4.536567	5.19732	5.19695
ACY3	4.803775018	4.468828944	5.47386	5.62328
ACYP1	7.309016782	7.236370655	7.33691	7.04392
ACYP2	8.025302	7.948567	8.4727	8.57188
ADA	8.52472257	8.73282388	7.9554	8.23415
ADAD1	3.543999	3.795729	6.60286	6.04943
ADAD2	5.143186	5.218932	6.09622	6.16926
ADAL	3.51218	4.359641	4.51246	4.92164
ADAM10	10.35118197	10.25520497	10.9304	10.7093
ADAM11	4.91942	4.45354	5.68085	5.79028
ADAM12	5.619330011	5.645698312	8.52213	9.46519
ADAM15	8.346261263	8.232757732	10.3225	10.3361
ADAM17	7.699885	7.537607	8.80725	8.46737
ADAM18	2.87815865	2.691722444	4.0615	3.83871
ADAM19	6.828374	7.057761	7.7204	8.31011
ADAM2	2.829371	2.817533	3.76585	3.74359
ADAM20	4.754326	4.791068	6.47775	6.34803
ADAM21	3.890558078	3.845489018	5.12013	5.03182
ADAM22	2.517064067	2.492509695	3.75415	3.49365
ADAM23	3.114925834	3.024071764	4.22674	4.09069
ADAM28	8.099101	8.062994	8.72073	8.98965
ADAM29	3.5033	3.334401	4.2396	4.15044
ADAM30	3.987605	4.000135	5.08939	4.81787
ADAM32	3.665750757	3.721717676	5.27042	5.31013
ADAM33	4.943096	4.875345	5.5326	6.27957
ADAM3A	2.898305	3.002188	4.07392	4.08954
ADAM5	3.801916	3.586156	4.82653	4.61089
ADAM6	4.049596	3.995782	5.24507	5.33827
ADAM7	4.631373	4.56741	4.85589	4.6548
ADAM8	5.092495705	5.062262201	5.94502	6.08156
ADAM9	7.246014553	7.554416168	8.44365	9.45125
ADAMDEC1	7.434964	7.388636	9.38645	9.15225
ADAMTS1	7.993956	7.819241	10.1943	11.7091
ADAMTS10	6.785473	7.15811	6.89763	7.10793
ADAMTS12	4.282184	3.967161	5.73855	5.8328
ADAMTS13	5.666623	5.696083	6.6689	6.79636
ADAMTS14	5.217363	5.507246	6.90351	7.23296
ADAMTS15	4.574221245	4.550293145	6.3237	6.05447
ADAMTS16	4.371341	4.545361	7.93766	8.88985
ADAMTS17	4.409642829	3.901915735	4.93413	4.83359
ADAMTS18	4.352606948	4.504384266	5.25774	5.57975
ADAMTS19	3.490375885	3.092605102	4.41572	4.44277
ADAMTS2	6.275006	6.032317	6.96462	7.62232
ADAMTS20	2.764328772	2.747701029	4.08222	3.93079
ADAMTS3	4.057602	4.644849	6.39587	7.12871
ADAMTS4	4.812836199	4.286591499	7.06387	7.69092
ADAMTS5	4.876867886	5.9521105	3.61052	3.91018
ADAMTS6	4.30969504	4.612045888	4.58995	4.47765
ADAMTS7	5.749196	5.551748	6.09089	6.06586
ADAMTS8	2.89295	2.992433	5.55516	5.27095
ADAMTS9	5.80966273	5.699245619	5.89621	7.73036
ADAMTSL1	3.321404807	3.143312286	4.22902	4.42401
ADAMTSL2	5.043231	5.145074	6.8857	6.86543
ADAMTSL3	5.370926907	5.315821202	6.25744	6.33313
ADAMTSL4	5.078766	4.844083	6.50481	6.07958
ADAMTSL5	4.927965	4.787381	6.73947	6.5958
ADAP1	5.971852	6.09713	7.2272	6.92066
ADAP2	9.023362	8.928329	9.04149	8.4208
ADAR	10.73643128	10.62499326	11.5331	11.4323
ADARB1	7.570942869	7.524303711	8.59919	9.53081
ADARB2	3.829713	3.789647	5.2896	5.45551
ADAT1	6.290689	6.512189	8.66693	8.18238
ADAT2	5.883628	5.680529	6.50176	7.21158
ADAT3	5.086922113	5.26901646	7.28202	7.31235
ADCK1	6.547731	6.616191	8.28786	8.03304
ADCK2	6.698552	6.852709	8.13243	7.77474
ADCK3	7.675336	7.681479	9.20407	9.21296
ADCK4	4.218318	4.058047	4.9649	4.85266
ADCK5	5.422064	5.491385	7.2936	6.97314
ADCY1	4.345749	4.085058	5.43652	6.15143
ADCY10	3.281541	3.312589	3.8438	4.07576
ADCY10P1	4.282835	4.414032	5.92826	5.97829
ADCY2	5.035493	4.649382	6.01818	5.94995
ADCY3	6.542778	6.392755	7.34546	7.72501
ADCY4	7.832665	7.767149	8.13062	8.66929
ADCY5	4.480273	4.240993	5.48585	5.92306
ADCY6	6.084965	5.819349	8.25091	8.95783
ADCY7	6.093919265	5.829593713	7.3231	7.29602
ADCY8	4.224781	4.060446	5.48643	5.58719
ADCY9	6.824805742	6.823157588	8.81409	9.19686
ADCYAP1	4.208166	4.036114	5.63448	5.94315
ADCYAP1R1	3.721585	3.709885	4.95274	4.73816
ADD1	9.375841	9.220362	9.50456	9.45164
ADD2	5.078145829	4.867334041	4.95419	5.41056
ADD3	10.07410093	9.984916413	10.3963	10.8189
ADGB	2.689089	2.814293	3.8524	3.76006
ADH1A	4.144595	4.54702	5.41709	5.60269
ADH1B	10.47277	10.50766	8.98667	11.5771
ADH1C	5.096461	4.440963	5.64914	5.75301
ADH4	6.634354	6.671227	7.7478	7.64974
ADH5	9.989373	9.926089	10.385	10.581
ADH6	3.078644	2.961639	4.03768	4.02818
ADH7	3.564434	3.726727	5.01751	4.55214
ADHFE1	7.149237	6.830472	7.87889	8.25518
ADI1	10.02489	9.809717	9.83135	10.0627
ADIG	5.177888148	4.482130898	6.07095	5.82089
ADIPOQ	3.998468	3.675305	3.76008	4.11712
ADIPOR1	8.268573	8.714106	10.1972	10.0028
ADIPOR2	8.244933609	8.247376059	9.05787	9.35471
ADIRF	7.938527923	8.06959595	9.11798	9.4503
ADK	8.15273673	8.128277624	9.39128	9.23461
ADM	10.28293674	10.25523301	9.78603	10.3836
ADM2	6.719948	6.33115	8.40592	8.3135
ADNP	9.366391216	9.102373182	9.19986	8.85412
ADNP2	6.936603538	7.092836832	7.719	7.80222
ADO	7.179349	7.28983	7.27697	7.52527
ADORA1	5.329838	5.41713	5.83861	5.82983
ADORA2A	6.624446969	6.629898395	7.37563	7.34325
ADORA2A-AS1	3.988452	4.069698	4.93018	4.84318
ADORA2B	4.123829	4.463891	8.46578	6.73281
ADORA3	5.459342	5.322173	7.61464	6.58217
ADPGK	8.965925	8.915486	9.98983	9.99163
ADPRH	5.36739	5.193202	6.32568	6.58245
ADPRHL1	4.875036552	4.681555221	6.4809	6.2414
ADPRHL2	8.446083	8.536142	9.30229	9.03225
ADPRM	7.144652	7.119394	7.01354	7.40431
ADRA1A	3.829713	3.457811	4.37936	4.46667
ADRA1B	5.032042	5.348288	4.23756	4.29528
ADRA1D	4.516019	4.534429	4.58892	4.61967
ADRA2A	7.753723	7.896853	7.57449	8.2643
ADRA2B	4.991259	5.134699	6.65829	6.77234
ADRA2C	5.659887	5.615528	6.49509	6.515
ADRB1	3.298461	3.544774	4.37177	4.51026
ADRB2	7.505582	7.637301	7.80417	7.9618
ADRB3	5.090132	5.760143	6.01305	6.03935
ADRBK1	7.224352059	7.242090832	8.34033	8.31241
ADRBK2	7.318251577	7.344934832	8.0815	8.07367
ADRM1	8.32469081	8.213288964	9.95037	9.72275
ADSL	9.320708537	9.134388254	9.72449	9.58717
ADSS	7.805734	7.673957	9.05632	9.10978
ADSSL1	5.418846	5.745118	6.40333	6.81773
ADTRP	4.111423	3.789298	6.25296	6.41588
AEBP1	8.950732823	9.04873236	12.5463	12.5565
AEBP2	8.846601	8.438075	8.23455	8.83224
AEN	6.620055	6.576755	8.10035	8.203
AES	8.677479	8.891073	10.1475	10.1698
AFAP1	3.261840551	3.631642579	4.44306	4.64202
AFAP1-AS1	3.503848338	3.012985527	6.41889	4.63279
AFAP1L1	6.098297444	5.609683725	6.52883	7.21687
AFAP1L2	7.52686	7.310798	5.64086	6.15029
AFF1	9.500235212	9.573483823	10.4713	10.5439
AFF2	4.059572	3.4551	6.29229	6.49104
AFF3	3.373611144	3.608972386	4.44013	4.9522
AFF4	2.559119262	2.673468303	3.5339	3.67681
AFG3L1P	7.47783284	7.314412881	8.15934	8.31826
AFG3L2	9.031126965	8.953466079	9.81974	9.63515
AFM	3.032543	2.76926	4.61122	4.36163
AFMID	4.879209	4.68826	6.76461	6.55541
AFP	3.750596999	3.75199513	4.70669	4.88042
AFTPH	8.763265	8.781679	9.96976	9.67134
AGA	8.122789083	8.137880782	9.55002	9.00848
AGAP1	6.755381999	6.494092701	8.59783	7.96843
AGAP2	5.281229	5.615445	6.61693	6.79565
AGAP3	7.573126	7.509325	9.3374	9.1534
AGAP6	4.104453	4.081066	4.38906	4.86815
AGBL1	3.377574312	3.242323526	5.48359	5.8219
AGBL2	3.5662	3.647026	4.60643	4.76957
AGBL3	2.749968504	2.428217038	3.72044	3.68318
AGBL4	3.556395579	3.89460719	5.67497	6.04253
AGBL5	5.869409	6.09046	8.32841	8.04647
AGER	4.357766	3.980262	9.60635	9.83241
AGFG1	5.661405	6.340269	6.87052	5.62037
AGFG2	4.742392315	5.136917918	6.16464	5.84214
AGGF1	5.128191	5.301735	4.99438	4.89084
AGK	2.894851935	2.76631361	3.99075	3.86344
AGL	8.665049696	8.646654548	8.76177	8.30388
AGMAT	4.194584	4.066443	4.57079	4.61384
AGO1	7.632439	7.780589	8.80021	8.5229
AGO2	2.976628981	2.854305191	4.42391	4.14969
AGO3	7.694477	7.729044	7.75952	6.96091
AGO4	3.449355178	3.273747273	4.14577	4.10071
AGPAT1	7.318818	7.473942	8.82419	8.43073
AGPAT2	5.807007	6.050503	8.61802	8.57773
AGPAT3	5.16198	5.3448	7.19286	7.07141
AGPAT4	5.448466	5.274534	6.95128	8.16
AGPAT4-IT1	5.392769	5.328081	7.48593	7.95079
AGPAT5	8.2439	8.523674	7.95589	8.01051
AGPAT6	7.855012	7.806008	9.78841	9.69585
AGPAT9	5.190073	5.529485	7.0954	7.52716
AGPS	6.520791671	6.950577902	8.46091	8.46841
AGR2	4.8952	3.942777	11.678	9.97621
AGR3	3.77642	3.656766	9.82317	9.3029
AGRN	5.830122	5.664644	6.48563	6.75154
AGRP	5.309367	5.297549	7.2089	7.39987
AGT	4.37646077	4.930371249	5.99474	6.25444
AGTPBP1	5.816107331	5.464698056	5.80512	6.67917
AGTR1	7.753630028	7.694029562	8.0317	6.33717
AGTR2	3.319654	3.007874	4.36237	6.20891
AGTRAP	7.469819319	7.526781754	9.62602	9.29682
AGXT	3.67446	3.516162	4.34306	4.48847
AGXT2	3.972396	4.054425	5.50535	5.43088
AHCTF1	5.048104164	5.097389562	4.74435	5.11671
AHCY	7.455661602	7.677140164	9.99156	9.58278
AHCYL1	7.356240726	7.932611522	9.19086	9.20332
AHCYL2	6.607549	6.57665	10.068	10.0427
AHDC1	6.121038959	6.466298412	6.96953	6.64945
AHI1	5.373119	5.410568	6.70961	7.23665
AHNAK	9.927709	9.909065	11.3642	11.8945
AHNAK2	4.879099871	5.065628033	5.91801	5.73224
AHR	8.882009421	8.571173845	9.7837	10.3549
AHRR	4.887402	5.092513	5.72884	5.76583
AHSA1	9.168097022	9.053920432	10.279	9.96448
AHSA2	7.961037	8.040372	7.66983	8.08717
AHSG	4.262438185	4.05582641	5.39762	5.50461
AHSP	4.773145	5.064857	6.62425	6.71243
AICDA	3.164101	2.735479	5.13125	5.93668
AIDA	8.670695	8.465748	8.11904	8.87866
AIF1	4.116732	4.079449	5.37997	4.96065
AIF1L	7.163897	7.052341	6.82947	6.84449
AIFM1	7.153609	7.383548	8.89739	8.52333
AIFM2	5.683057	5.558626	8.91735	7.69957
AIFM3	5.422064	5.492707	6.58536	6.48507
AIG1	7.786069	7.682258	8.47358	8.25684
AIM1	8.559257	8.491331	9.08361	9.684
AIM1L	4.354134	4.405017	5.56294	5.75914
AIM2	8.674243	8.702655	7.83206	6.82152
AIMP1	7.460402052	7.709886989	7.71489	7.96446
AIMP2	8.473393663	8.523895017	9.26228	8.92484
AIP	7.873259062	7.788415873	8.5901	8.44759
AIPL1	3.336148	3.159899	5.25897	5.14933
AIRE	5.059441	4.965523	6.02836	5.93642
AJAP1	4.056378	4.381567	4.82401	4.87647
AJUBA	6.005315472	6.306278598	7.99684	6.78778
AK1	8.327653682	8.459265743	9.5772	9.9765
AK2	7.104391	7.127425	7.95832	8.30209
AK3	7.409221	6.808529	8.33941	8.73689
AK4	6.330764389	6.484048652	6.95717	5.07342
AK5	4.021164	4.403691	5.34542	5.57865
AK6	9.167339099	8.909476429	9.32776	9.26603
AK7	4.171456609	4.799340123	5.30737	5.01804
AK8	5.984303044	5.701128516	7.20681	7.03322
AK9	3.532462988	4.110866323	4.55589	4.31225
AKAP1	7.149190006	6.758884316	9.85268	9.03332
AKAP10	6.318168599	6.413423767	6.60402	6.68314
AKAP11	9.307573738	9.450522973	8.77403	9.2436
AKAP12	3.80185105	3.697972848	4.6562	4.95994
AKAP13	7.125067	7.165997	9.53422	9.34542
AKAP14	2.899279	2.653661	4.06814	4.00465
AKAP2	3.309161869	3.341190675	4.37491	4.3076
AKAP3	4.176605	3.908192	4.85068	4.98184
AKAP4	3.918679	3.759158	4.67367	4.91932
AKAP5	3.182906	3.044993	5.19435	5.09155
AKAP6	3.640154952	3.714463559	5.10201	4.51609
AKAP7	7.363796	7.438344	7.28978	7.338
AKAP8	6.788721629	6.811202684	8.63557	8.82289
AKAP8L	6.580013	6.369826	7.55242	7.7706
AKAP9	3.222714	3.086712	4.37481	4.47087
AKIP1	7.704933	7.923797	7.41428	7.3884
AKIRIN1	7.604693	7.561533	8.67737	8.94637
AKIRIN2	6.077071	6.457113	6.81967	6.25193
AKNA	3.759027853	3.849013373	5.0781	4.88253
AKNAD1	3.000123719	2.625565016	4.48906	4.68332
AKR1A1	9.591362233	9.628927909	10.9005	10.6778
AKR1B1	9.060522767	9.016749462	12.045	11.3554
AKR1B10	4.463661	4.092914	12.1769	5.1484
AKR1C1	2.99838114	2.98929996	6.63888	4.29419
AKR1C2	6.157603	6.151475	14.1104	9.68337
AKR1C3	5.434746	5.471685	12.6093	8.9175
AKR1C4	3.102123	3.15161	4.00251	3.90062
AKR1C6P	5.310865	5.243967	5.20973	5.2424
AKR1D1	2.652726	2.435545	3.77932	3.82045
AKR1E2	3.765970371	3.471151857	4.54188	4.48773
AKR7A2	8.045073778	8.094951366	9.7127	9.59743
AKR7A3	6.89289	7.060652	8.66835	8.77106
AKT1	7.949512	7.978296	9.6098	9.62775
AKT1S1	4.125410986	3.943198068	6.8963	6.61674
AKT2	5.554222982	5.732323861	5.96097	5.80604
AKT3	8.278754	8.382409	8.67283	9.06886
AKTIP	7.850236	7.74012	8.95588	8.75037
ALAD	7.341155	7.221513	8.24484	8.51246
ALAS1	7.803532	7.614146	9.07926	9.27778
ALAS2	5.694375	5.535035	6.56029	6.56533
ALB	2.494159487	2.451498801	3.51204	3.78037
ALCAM	3.61717743	4.197299113	6.26928	6.1086
ALDH16A1	6.38882	6.509368	8.76854	8.78727
ALDH18A1	7.445012	7.416795	9.99933	10.1883
ALDH1A1	9.104738	8.988752	11.7014	10.6737
ALDH1A2	5.035307	4.932902	6.26726	6.13534
